1024
397
596
992
632
77
673
173
711
106
435
706
746
702
557
606
503
751
831
286
684
617
678
372
851
78
996
649
647
212
566
406
608
137
373
215
213
21
387
924
127
821
605
872
499
137
453
1001
888
260
262
547
876
939
918
702
1016
889
327
638
76
892
19
683
4
392
897
216
412
259
115
538
56
720
386
554
856
838
530
719
73
791
241
949
705
135
626
697
1023
952
310
75
819
329
757
822
720
630
14
107
888
128
645
943
847
6
472
679
843
1001
373
916
767
614
840
448
748
441
120
746
369
429
820
163
757
553
985
452
158
998
559
21
101
179
964
948
184
411
602
2
388
974
917
130
563
732
577
286
149
696
8
517
101
827
679
857
355
639
285
512
612
843
533
713
1021
472
636
180
882
213
181
245
162
74
375
725
805
951
1010
953
623
1017
445
723
820
100
555
150
738
839
662
326
657
170
14
653
641
649
832
498
861
1013
743
1022
62
93
722
866
19
708
795
641
700
215
339
495
314
894
645
28
708
282
353
341
451
366
993
67
1014
801
564
850
789
282
847
850
374
545
691
393
228
461
9
927
676
348
398
989
217
18
1016
924
299
344
240
749
709
209
815
698
1009
354
523
773
636
346
598
1009
890
264
377
93
725
386
1019
376
733
392
340
949
409
332
848
707
675
64
431
360
272
221
33
256
575
556
4
186
901
601
170
766
864
547
858
564
932
852
939
640
220
255
564
628
586
387
311
236
450
741
595
721
962
628
976
512
159
979
697
35
555
866
800
395
388
633
958
295
460
873
934
679
103
473
283
688
860
593
923
285
309
494
1006
246
97
957
757
255
912
429
289
442
271
64
836
658
696
770
953
131
618
862
810
720
311
68
383
146
660
281
430
968
774
411
190
870
344
946
100
231
351
388
672
621
451
484
254
122
229
182
253
846
20
38
541
330
105
923
475
764
179
904
707
953
291
896
798
634
818
898
864
144
261
511
764
712
994
1017
833
198
175
61
19
194
98
559
523
202
457
997
965
636
876
648
564
142
519
337
775
312
210
614
455
471
101
194
158
70
187
990
268
361
27
286
554
124
845
52
326
277
24
266
912
899
913
451
17
408
788
791
719
997
381
150
443
481
343
600
550
529
566
817
889
592
79
418
715
923
469
16
175
492
282
63
367
170
513
383
577
276
149
272
249
529
421
691
1009
763
267
535
268
832
327
132
399
405
550
89
303
1018
105
478
486
386
540
852
555
28
210
108
304
358
379
552
887
799
218
871
537
484
381
804
291
708
936
689
88
461
778
391
454
882
868
939
243
383
766
797
410
975
904
713
309
258
240
171
32
458
17
569
941
398
348
208
81
259
896
168
719
649
558
149
506
401
63
748
783
829
521
169
779
400
881
63
658
97
233
689
554
250
233
470
647
581
677
727
839
549
894
534
173
428
682
679
828
744
402
587
548
922
755
303
298
611
365
955
707
598
619
236
847
852
706
469
408
358
171
222
906
40
755
55
467
412
733
271
132
110
857
679
8
587
981
305
173
322
235
880
919
853
91
741
680
796
185
63
130
355
285
11
394
15
65
861
427
797
107
558
907
963
212
914
525
169
194
697
490
428
552
384
256
643
100
936
414
284
998
543
638
258
554
7
273
618
867
699
391
973
232
273
911
443
162
411
611
355
84
76
782
635
459
13
253
558
948
667
841
922
185
454
155
738
461
427
332
303
101
722
252
332
994
138
775
131
549
361
485
632
437
242
242
895
254
495
429
178
137
245
75
321
699
229
35
135
656
366
437
756
63
688
64
32
826
838
162
350
174
646
981
610
887
198
481
116
692
909
293
828
129
367
125
827
596
159
961
227
524
374
982
586
37
21
617
862
858
778
187
8
399
143
617
261
341
73
376
8
981
669
836
86
11
960
912
606
94
849
832
617
198
790
178
234
810
794
72
644
547
258
651
945
401
243
181
741
316
556
748
272
200
559
357
211
494
245
816
587
69
624
179
266
389
356
499
174
125
570
817
671
828
443
591
204
686
771
944
1001
303
667
248
502
202
605
712
695
849
504
258
917
103
436
158
491
792
656
664
916
202
457
563
5
899
129
208
560
900
127
536
178
793
784
679
994
364
367
665
188
870
922
80
972
333
237
438
100
892
77
1016
69
533
554
73
408
682
280
967
557
406
479
734
175
238
389
144
601
755
808
788
600
705
867
547
14
79
984
113
970
36
104
15
569
657
87
976
315
367
918
871
772
372
581
946
609
969
66
185
699
873
972
274
554
814
820
567
892
779
679
838
814
783
852
358
415
938
309
729
280
203
576
28
574
132
973
159
76
14
343
774
887
291
23
416
80
842
982
972
596
636
